 
Mass percent  	      Group : bas-Glas      	  Sample : 201216_Fr       	 Page 	  1 	 
 
   No. 	   Na2O  	   SO3   	   FeO   	   SiO2  	   Cl    	   F     	   K2O   	   MnO   	   Al2O3 	   P2O5  	   MgO   	   CaO   	   TiO2  	  Total  	Comment  
    1  	  2.8000 	  0.0408 	 13.6000 	 51.1600 	  0.0237 	  0.0126 	  0.8138 	  0.1786 	 12.3000 	  0.3881 	  5.1300 	  9.2700 	  4.0800 	 99.7976 	VGA99_ 
    2  	  2.7000 	  0.0232 	 13.4600 	 51.2400 	  0.0300 	  0.0791 	  0.8142 	  0.2468 	 12.4800 	  0.3543 	  5.2000 	  9.3700 	  4.0600 	100.0575 	VGA99_ 
    3  	  2.6900 	  0.3666 	 11.7600 	 51.6600 	  0.0331 	  0.0693 	  0.1994 	  0.2396 	 14.0300 	  0.1729 	  7.0400 	 11.3800 	  1.8200 	101.4608 	VG-2_ 
    4  	  2.6000 	  0.3591 	 12.1000 	 51.6000 	  0.0346 	  0.0702 	  0.1893 	  0.2448 	 14.0400 	  0.1601 	  7.1700 	 11.3100 	  1.8500 	101.7280 	VG-2_ 
    5  	  6.2100 	  0.0261 	  7.8600 	 70.7700 	  0.3989 	  0.4579 	  4.2900 	  0.1916 	  8.8300 	  0.0161 	  0.0224 	  0.3960 	  0.3392 	 99.8083 	KE3_ 
    6  	  2.3600 	  0.0348 	  8.0000 	 72.7200 	  0.3848 	  0.5147 	  4.1600 	  0.2905 	  8.8500 	  0.0147 	  0.0417 	  0.4585 	  0.3403 	 98.1701 	KE3_ 
    7  	  5.3500 	  1.3920 	  0.1958 	 51.0400 	  1.4500 	  0.0068 	  0.8437 	  0.0059 	 25.8800 	  0.0203 	  0.0000 	 13.8800 	  0.0025 	100.0669 	Scap 
    8  	  5.1900 	  1.3602 	  0.0852 	 50.9500 	  1.4200 	  0.0000 	  0.8733 	  0.0350 	 25.4600 	  0.0014 	  0.0020 	 14.0200 	  0.0129 	 99.4100 	Scap 
    9  	  2.6500 	  0.0175 	 13.7900 	 46.0000 	  0.1143 	  0.1165 	  1.7500 	  0.2421 	 14.9000 	  0.6354 	  5.0700 	 11.2200 	  4.0000 	100.5058 	1982-CS2-L3A_1 
   10  	  2.5900 	  0.0165 	 13.7500 	 45.9700 	  0.1074 	  0.1600 	  1.7700 	  0.2200 	 14.9900 	  0.6266 	  5.0800 	 11.1200 	  3.9000 	100.3005 	1982-CS2-L3A_2 
   11  	  2.9000 	  0.0292 	 13.4900 	 45.6300 	  0.1246 	  0.1055 	  1.8300 	  0.2252 	 15.0100 	  0.6494 	  5.0700 	 11.1600 	  3.9000 	100.1238 	1982-CS2-L3A_3 
   12  	  2.6500 	  0.0435 	 13.6300 	 46.2000 	  0.1232 	  0.1241 	  1.5800 	  0.2200 	 14.9300 	  0.5646 	  5.1700 	 11.2200 	  3.9900 	100.4453 	1982-CS2-L3A_4 
   13  	  2.3800 	  0.0543 	 13.9800 	 45.9500 	  0.1250 	  0.1296 	  1.6900 	  0.2635 	 15.0600 	  0.7034 	  5.0000 	 11.3200 	  3.9700 	100.6257 	1982-CS2-L3A_5 
   14  	  2.7500 	  0.0293 	 13.1600 	 46.1900 	  0.1273 	  0.1892 	  1.8000 	  0.1520 	 15.0500 	  0.7424 	  4.9500 	 11.0700 	  3.9100 	100.1202 	1982-CS2-L3A_6 
   15  	  4.8100 	  0.0272 	 12.6600 	 46.2400 	  0.1203 	  0.1179 	  1.7800 	  0.1630 	 15.0700 	  0.7324 	  4.6700 	 10.4700 	  3.9900 	100.8507 	1982-CS2-L3A_7 
   16  	  4.1100 	  0.0790 	 13.6000 	 44.8700 	  0.1267 	  0.1397 	  1.7100 	  0.2202 	 14.7900 	  0.6947 	  4.9000 	 10.8300 	  3.9400 	100.0103 	1982-CS2-L3A_8 
   17  	  4.4400 	  0.0398 	 13.0400 	 45.4000 	  0.1237 	  0.1190 	  1.6700 	  0.2171 	 14.9900 	  0.6864 	  4.8100 	 10.6000 	  3.8700 	100.0059 	1982-CS2-L3A_9 
   18  	  5.6300 	  0.0222 	 13.0100 	 46.1400 	  0.1262 	  0.2576 	  2.1900 	  0.2578 	 14.8800 	  0.6965 	  4.3000 	  9.3900 	  3.8400 	100.7402 	1982-CS2-L5B_1 
   19  	  4.3300 	  0.0457 	 14.1200 	 46.1200 	  0.1455 	  0.1595 	  1.8500 	  0.2145 	 14.8000 	  0.7736 	  4.3600 	  9.9400 	  3.9200 	100.7787 	1982-CS2-L5B_2 
   20  	  4.5200 	  0.0382 	 13.6900 	 45.9500 	  0.1293 	  0.1878 	  2.2000 	  0.2160 	 14.8000 	  0.7710 	  4.5600 	  9.8200 	  3.7800 	100.6622 	1982-CS2-L5B_3 
   21  	  5.1800 	  0.0415 	 15.3800 	 46.0500 	  0.1619 	  0.1813 	  2.2300 	  0.2796 	 14.4700 	  0.7155 	  4.1600 	  8.8200 	  3.9300 	101.5998 	1982-CS2-L5B_4 
   22  	  4.7600 	  0.0527 	 14.4000 	 45.6600 	  0.1272 	  0.1519 	  1.9400 	  0.2856 	 14.5500 	  0.7415 	  4.6100 	  9.8600 	  3.8300 	100.9688 	1982-CS2-L5B_5 
   23  	  5.0900 	  0.0311 	 13.5500 	 46.7500 	  0.1367 	  0.1962 	  2.0700 	  0.2347 	 15.3600 	  0.7363 	  4.1900 	  9.3700 	  3.7400 	101.4549 	1982-CS2-L5B_6 
   24  	  5.0600 	  0.0252 	 12.3400 	 45.9800 	  0.1146 	  0.1854 	  2.0600 	  0.2172 	 14.9500 	  0.7327 	  4.5400 	 10.3400 	  3.8700 	100.4150 	1982-CS2-L5B_7 
   25  	  4.4900 	  0.0322 	 13.8300 	 45.8600 	  0.1214 	  0.1563 	  1.9900 	  0.3105 	 15.0900 	  0.7657 	  4.6100 	 10.0500 	  3.7400 	101.0461 	1982-CS2-L5B_8 
   26  	  4.7100 	  0.0384 	 14.0500 	 45.4300 	  0.1196 	  0.2583 	  1.9600 	  0.2305 	 14.4800 	  0.7312 	  4.6400 	  9.7100 	  3.8100 	100.1679 	1982-CS2-L5B_9 
   27  	  4.8200 	  0.0817 	 13.5200 	 44.9300 	  0.0678 	  0.0834 	  2.1300 	  0.2420 	 15.4800 	  1.0618 	  4.5400 	 10.5600 	  3.8000 	101.3166 	UnknA-C21_1 
   28  	  4.8200 	  0.1331 	 12.6200 	 44.5500 	  0.1357 	  0.1609 	  2.2000 	  0.2343 	 15.3500 	  1.0045 	  4.4100 	 10.5200 	  3.8000 	 99.9386 	UnknA-C21_2 
   29  	  4.8500 	  0.1102 	 12.2300 	 44.9200 	  0.1207 	  0.1130 	  2.1700 	  0.2203 	 15.3600 	  0.9747 	  4.1800 	 10.4800 	  3.7000 	 99.4289 	UnknA-C21_3 
   30  	  4.9000 	  0.1004 	 12.5800 	 44.7800 	  0.1388 	  0.1916 	  2.2400 	  0.2464 	 14.5900 	  0.9736 	  4.5200 	 10.5200 	  3.7900 	 99.5708 	UnknA-C21_4 
   31  	  4.7500 	  0.1001 	 12.2200 	 44.8500 	  0.1411 	  0.1347 	  2.1400 	  0.2396 	 14.7700 	  1.0415 	  4.3900 	 10.4500 	  3.8000 	 99.0271 	UnknA-C21_5 
   32  	  4.7700 	  2.1971 	 13.7700 	 44.0600 	  0.1293 	  0.2099 	  2.1400 	  0.2167 	 15.3200 	  0.9462 	  4.4400 	 10.2000 	  3.7800 	102.1791 	UnknA-C21_6 
   33  	  4.9000 	  0.1283 	 12.7400 	 43.8900 	  0.1269 	  0.2127 	  2.2200 	  0.2341 	 15.3600 	  0.9700 	  4.5000 	 10.4100 	  3.7900 	 99.4821 	UnknA-C21_7 
   34  	  4.9000 	  0.1267 	 12.8200 	 44.8700 	  0.1415 	  0.1362 	  2.2100 	  0.2469 	 15.4200 	  0.9765 	  4.4400 	 10.4600 	  3.7700 	100.5177 	UnknA-C21_8 
   35  	  4.8100 	  0.1339 	 11.9700 	 45.2500 	  0.1325 	  0.2803 	  2.1700 	  0.2166 	 15.5500 	  0.9683 	  4.2900 	 10.4800 	  3.7600 	100.0116 	UnknA-C21_9 
   36  	  4.0000 	  0.0293 	 12.0800 	 45.7300 	  0.0808 	  0.1543 	  1.2800 	  0.1893 	 14.7300 	  0.5434 	  5.6400 	 11.8600 	  3.6000 	 99.9172 	UnknA-C22-PS1-L2_1 
   37  	  4.0300 	  0.0483 	 12.1600 	 46.1000 	  0.0768 	  0.1577 	  1.2900 	  0.1937 	 14.6200 	  0.5798 	  5.5200 	 11.6500 	  3.6300 	100.0563 	UnknA-C22-PS1-L2_2 
   38  	  4.2800 	  0.0317 	 12.2100 	 45.3500 	  0.0635 	  0.0924 	  1.3200 	  0.2096 	 14.5400 	  0.5247 	  5.5500 	 11.7200 	  3.5200 	 99.4119 	UnknA-C22-PS1-L2_3 
   39  	  4.0100 	  0.0473 	 12.0000 	 45.8500 	  0.0755 	  0.1532 	  1.2400 	  0.1612 	 14.8700 	  0.5477 	  5.5200 	 11.7000 	  3.5800 	 99.7550 	UnknA-C22-PS1-L2_4 
   40  	  4.0700 	  0.0630 	 11.8000 	 46.7200 	  0.0733 	  0.0831 	  1.2100 	  0.1911 	 14.8800 	  0.5063 	  5.6200 	 11.7900 	  3.5100 	100.5168 	UnknA-C22-PS1-L2_5 
   41  	  4.1100 	  0.0549 	 12.2300 	 46.4800 	  0.0716 	  0.1101 	  1.2700 	  0.1563 	 14.6900 	  0.5212 	  5.6200 	 11.8800 	  3.6400 	100.8341 	UnknA-C22-PS1-L2_6 
   42  	  3.9800 	  0.0449 	 12.2700 	 46.4300 	  0.0950 	  0.1287 	  1.2300 	  0.2401 	 14.8800 	  0.5309 	  5.5500 	 11.7800 	  3.5500 	100.7095 	UnknA-C22-PS1-L2_7 
   43  	  3.9100 	  0.0379 	 12.3100 	 46.8900 	  0.0816 	  0.1498 	  1.1918 	  0.1979 	 14.6800 	  0.5189 	  5.5200 	 11.9800 	  3.6000 	101.0678 	UnknA-C22-PS1-L2_8 
   44  	  4.0800 	  0.0294 	 12.0600 	 46.5500 	  0.0868 	  0.1266 	  1.2500 	  0.1726 	 14.6900 	  0.5556 	  5.6700 	 11.7700 	  3.5600 	100.6009 	UnknA-C22-PS1-L2_9 
   45  	  3.9700 	  0.0428 	 12.9100 	 47.3700 	  0.0741 	  0.0627 	  1.0877 	  0.2627 	 15.2600 	  0.5233 	  5.4300 	 11.0100 	  3.4800 	101.4833 	UnknA-C22-PS1-L3_1 
   46  	  3.4000 	  0.0567 	 12.1000 	 47.4100 	  0.0653 	  0.1217 	  0.9193 	  0.1245 	 15.2400 	  0.5405 	  5.5900 	 12.2100 	  3.5800 	101.3579 	UnknA-C22-PS1-L3_2 
   47  	  3.4900 	  0.0371 	 11.6700 	 47.4200 	  0.0761 	  0.0686 	  0.3311 	  0.2111 	 15.5300 	  0.4557 	  5.6200 	 12.7100 	  3.4900 	101.1096 	UnknA-C22-PS1-L3_3 
   48  	  3.2500 	  0.0681 	 11.9800 	 47.2700 	  0.0881 	  0.1237 	  1.1984 	  0.2048 	 15.2400 	  0.4940 	  5.7800 	 12.4300 	  3.5000 	101.6270 	UnknA-C22-PS1-L3_4 
   49  	  0.4033 	  0.0320 	  7.3800 	 48.1100 	  0.0022 	  0.0528 	  0.0011 	  0.1541 	  6.4000 	  0.0021 	 13.8300 	 23.2800 	  2.3400 	101.9875 	UnknA-C22-PS1-L3_5 
   50  	  3.0200 	  0.0229 	 11.9600 	 47.8800 	  0.0692 	  0.0759 	  1.1657 	  0.2003 	 15.4300 	  0.5261 	  5.7400 	 12.6900 	  3.5000 	102.2801 	UnknA-C22-PS1-L3_6 
   51  	  3.7000 	  0.0542 	 12.0300 	 47.5500 	  0.0802 	  0.0900 	  0.9078 	  0.1917 	 15.2900 	  0.4851 	  5.5600 	 11.8600 	  3.5000 	101.2990 	UnknA-C22-PS1-L3_7 
   52  	  3.7200 	  0.0387 	 11.3400 	 48.0600 	  0.0657 	  0.1074 	  0.7333 	  0.1470 	 15.4600 	  0.5012 	  5.6400 	 12.2800 	  3.5600 	101.6532 	UnknA-C22-PS1-L3_8 
   53  	  3.8700 	  0.0599 	 10.6600 	 48.1000 	  0.0774 	  0.0395 	  1.2900 	  0.1643 	 15.6700 	  0.5988 	  5.5000 	 11.6300 	  3.6300 	101.2898 	UnknA-C22-PS1-L3_9 
   54  	  2.8000 	  0.0467 	 13.6500 	 51.5000 	  0.0201 	  0.0459 	  0.8168 	  0.2075 	 12.4600 	  0.4254 	  5.2500 	  9.3800 	  4.0800 	100.6824 	VGA99_ 
   55  	  2.5600 	  0.0158 	 13.4400 	 51.4000 	  0.0181 	  0.0749 	  0.8150 	  0.1629 	 12.5100 	  0.3845 	  5.1800 	  9.3700 	  4.0800 	100.0112 	VGA99_ 
   56  	  2.7800 	  0.3621 	 11.8200 	 51.2000 	  0.0345 	  0.0147 	  0.1945 	  0.1959 	 13.9600 	  0.1713 	  7.1000 	 11.2800 	  1.8600 	100.9730 	VG-2_ 
   57  	  2.7900 	  0.3713 	 11.6900 	 51.4500 	  0.0303 	  0.0249 	  0.1907 	  0.2580 	 14.0700 	  0.2114 	  7.2100 	 11.3600 	  1.8700 	101.5266 	VG-2_ 
   58  	  6.3000 	  0.0253 	  7.4400 	 71.1500 	  0.3925 	  0.5142 	  4.2900 	  0.2050 	  8.8200 	  0.0175 	  0.0374 	  0.4340 	  0.3297 	 99.9557 	KE3_ 
   59  	  6.2900 	  0.0334 	  7.6700 	 71.1600 	  0.3861 	  0.3925 	  4.2500 	  0.1891 	  8.8100 	  0.0201 	  0.0168 	  0.4000 	  0.3305 	 99.9486 	KE3_ 
   60  	  5.1300 	  1.3970 	  0.1170 	 50.9700 	  1.4400 	  0.0000 	  0.8858 	  0.0167 	 25.8100 	  0.0000 	  0.0230 	 14.1100 	  0.0000 	 99.8996 	Scap 
   61  	  5.3600 	  1.3286 	  0.1918 	 50.9200 	  1.4500 	  0.0174 	  0.8605 	  0.0401 	 25.8300 	  0.0057 	  0.0139 	 14.0900 	  0.0024 	100.1104 	Scap 
   62  	  4.9400 	  0.0190 	  9.9100 	 49.9200 	  0.0670 	  0.2399 	  2.3600 	  0.2147 	 17.8000 	  1.2409 	  3.0400 	  8.3100 	  3.0000 	101.0614 	UnknA-BatokeCS1-3_1 
   63  	  6.8900 	  0.0160 	 10.8600 	 44.6500 	  0.0806 	  0.2702 	  2.4200 	  0.1521 	 16.0900 	  1.2284 	  5.5900 	 10.0700 	  3.2300 	101.5472 	UnknA-BatokeCS1-3_2 
   64  	  5.0600 	  0.0352 	 10.7400 	 49.1800 	  0.0177 	  0.2739 	  2.4400 	  0.1363 	 17.7700 	  1.2903 	  3.1000 	  8.2300 	  2.9900 	101.2634 	UnknA-BatokeCS1-3_3 
   65  	  8.6100 	  0.0445 	  9.4800 	 45.5900 	  0.0302 	  0.1079 	  1.3200 	  0.2434 	 16.6200 	  1.1394 	  5.1600 	 10.8200 	  3.3100 	102.4753 	UnknA-BatokeCS1-3_4 
   66  	  5.1400 	  0.0000 	 10.1200 	 48.4300 	  0.0668 	  0.1663 	  1.9900 	  0.1646 	 17.6500 	  1.2816 	  3.4200 	  8.7400 	  3.1800 	100.3492 	UnknA-BatokeCS1-3_5 
   67  	  5.3000 	  0.0039 	 10.7600 	 47.9900 	  0.2227 	  0.2817 	  2.6900 	  0.1710 	 16.9400 	  1.2234 	  4.1000 	  8.0000 	  3.2400 	100.9226 	UnknA-BatokeCS1-3_6 
   68  	  5.7600 	  0.0149 	  9.9300 	 48.4500 	  0.0413 	  0.2692 	  2.3700 	  0.1869 	 17.8500 	  1.1543 	  3.6100 	  8.7100 	  3.0200 	101.3665 	UnknA-BatokeCS1-3_7 
   69  	  5.1500 	  0.0236 	 10.0400 	 49.4400 	  0.0172 	  0.2861 	  2.4900 	  0.1510 	 18.2200 	  1.3786 	  3.3500 	  8.1600 	  3.1000 	101.8064 	UnknA-BatokeCS1-3_8 
   70  	  6.1600 	  0.0256 	  9.3100 	 46.6500 	  0.6951 	  0.2085 	  1.9800 	  0.1463 	 16.9300 	  1.1602 	  4.6500 	 10.3800 	  2.9600 	101.2556 	UnknA-BatokeCS1-3_9 
   71  	  3.6800 	  0.0323 	 13.1600 	 45.5200 	  0.1475 	  0.1139 	  1.8800 	  0.2351 	 15.3200 	  0.6866 	  5.2800 	 11.8300 	  3.3600 	101.2453 	UnknA-Flow1-1_1 
   72  	  3.7400 	  0.0391 	 13.3900 	 45.7600 	  0.1645 	  0.1163 	  1.8800 	  0.1713 	 15.7100 	  0.6709 	  5.1800 	 11.9000 	  3.3800 	102.1020 	UnknA-Flow1-1_2 
   73  	  4.1100 	  0.0260 	 13.2600 	 45.3500 	  0.1591 	  0.0538 	  1.7700 	  0.2106 	 15.8100 	  0.7694 	  5.0800 	 11.9600 	  3.2600 	101.8188 	UnknA-Flow1-1_3 
   74  	  3.6300 	  0.0529 	 13.4600 	 45.3300 	  0.1643 	  0.0814 	  1.7600 	  0.1753 	 15.3000 	  0.7575 	  5.1400 	 11.4900 	  3.3800 	100.7213 	UnknA-Flow1-1_4 
   75  	  3.6100 	  0.0456 	 13.0300 	 45.4100 	  0.1480 	  0.0784 	  1.8000 	  0.1728 	 15.4200 	  0.7318 	  5.1300 	 11.6300 	  3.3400 	100.5465 	UnknA-Flow1-1_5 
   76  	  3.5700 	  0.0406 	 12.5500 	 45.1700 	  0.1292 	  0.0459 	  1.7500 	  0.2252 	 15.3800 	  0.8091 	  5.0900 	 12.3100 	  3.3700 	100.4399 	UnknA-Flow1-1_6 
   77  	  3.5000 	  0.0323 	 13.5100 	 45.3700 	  0.1497 	  0.0444 	  1.6700 	  0.2367 	 15.4600 	  0.7161 	  5.2600 	 11.8300 	  3.4100 	101.1892 	UnknA-Flow1-1_7 
   78  	  3.6100 	  0.0276 	 12.9700 	 45.7200 	  0.1589 	  0.0666 	  1.6900 	  0.2116 	 15.6100 	  0.6696 	  5.2900 	 12.0500 	  3.2900 	101.3643 	UnknA-Flow1-1_8 
   79  	  3.5400 	  0.0330 	 14.0300 	 45.2600 	  0.1606 	  0.0111 	  1.7100 	  0.2639 	 15.3500 	  0.6672 	  4.8400 	 11.3000 	  3.3500 	100.5157 	UnknA-Flow1-1_9 
   80  	  3.9000 	  0.0485 	 13.0800 	 45.3400 	  0.1258 	  0.0000 	  1.8200 	  0.2211 	 15.3800 	  0.7260 	  5.1600 	 11.7600 	  3.3200 	100.8813 	UnknA-Flow1-2_1 
   81  	  3.7000 	  0.0443 	 13.0000 	 45.4400 	  0.1536 	  0.0277 	  1.9000 	  0.2505 	 15.3600 	  0.6893 	  5.1000 	 11.4300 	  3.3200 	100.4153 	UnknA-Flow1-2_2 
   82  	  3.6500 	  0.0307 	 13.1800 	 45.0400 	  0.0495 	  0.0745 	  1.7200 	  0.1864 	 15.2300 	  0.7544 	  5.3200 	 12.0400 	  3.2200 	100.4955 	UnknA-Flow1-2_3 
   83  	  4.0300 	  0.0484 	 13.6700 	 45.0500 	  0.1473 	  0.0582 	  1.7000 	  0.2172 	 15.7900 	  0.7446 	  4.9400 	 11.7000 	  3.3100 	101.4056 	UnknA-Flow1-2_4 
   84  	  3.9000 	  0.0409 	 13.9700 	 44.7300 	  0.1726 	  0.1530 	  1.8000 	  0.2518 	 15.4600 	  0.7339 	  5.1800 	 11.3300 	  3.3100 	101.0322 	UnknA-Flow1-2_5 
   85  	  3.8600 	  0.0424 	 13.3500 	 45.6300 	  0.1697 	  0.1186 	  1.8200 	  0.2263 	 15.6200 	  0.7986 	  5.0900 	 11.4600 	  3.3000 	101.4855 	UnknA-Flow1-2_6 
   86  	  3.7100 	  0.0305 	 13.8900 	 46.1400 	  0.1587 	  0.1813 	  1.8500 	  0.2475 	 15.4400 	  0.7223 	  4.9800 	 11.5600 	  3.2900 	102.2002 	UnknA-Flow1-2_7 
   87  	  3.8600 	  0.0449 	 13.6600 	 45.1000 	  0.1752 	  0.0784 	  1.8000 	  0.2605 	 15.4600 	  0.6709 	  4.9500 	 11.5900 	  3.2500 	100.8998 	UnknA-Flow1-2_8 
   88  	  3.7100 	  0.0301 	 13.4300 	 45.5900 	  0.1602 	  0.1042 	  1.7900 	  0.2762 	 15.3600 	  0.7090 	  5.0400 	 11.7800 	  3.3900 	101.3696 	UnknA-Flow1-2_9 
   89  	  3.8600 	  0.0301 	 13.6300 	 45.4300 	  0.1489 	  0.0567 	  1.8000 	  0.3318 	 15.4400 	  0.6522 	  5.1500 	 11.4300 	  3.3200 	101.2797 	UnknA-Flow1-1_1 
   90  	  3.5600 	  0.0442 	 14.1600 	 45.5900 	  0.1449 	  0.1222 	  1.8900 	  0.2227 	 15.5100 	  0.7192 	  4.9800 	 11.2600 	  3.2600 	101.4632 	UnknA-Flow1-1_2 
   91  	  3.8100 	  0.0416 	 12.7700 	 45.2500 	  0.1370 	  0.1067 	  1.6900 	  0.2895 	 15.4300 	  0.8026 	  5.0000 	 12.0900 	  3.2800 	100.6973 	UnknA-Flow1-1_3 
   92  	  3.9000 	  0.0265 	 13.3500 	 45.0400 	  0.1435 	  0.0424 	  1.9200 	  0.2087 	 15.2900 	  0.7066 	  4.9300 	 11.2100 	  3.3300 	100.0976 	UnknA-Flow1-1_4 
   93  	  3.9200 	  0.0326 	 12.5100 	 45.7800 	  0.1641 	  0.0634 	  1.9400 	  0.2444 	 15.2500 	  0.7160 	  4.9900 	 11.5100 	  3.3500 	100.4705 	UnknA-Flow1-1_5 
   94  	  3.8000 	  0.0618 	 13.9400 	 45.4600 	  0.1697 	  0.0335 	  2.0200 	  0.2758 	 15.4900 	  0.8109 	  4.7800 	 10.5900 	  3.3000 	100.7317 	UnknA-Flow1-1_6 
   95  	  3.5600 	  0.0610 	 13.5500 	 45.3000 	  0.1409 	  0.0354 	  1.7500 	  0.2915 	 15.3700 	  0.7245 	  5.0200 	 11.6400 	  3.3000 	100.7432 	UnknA-Flow1-1_7 
   96  	  3.7400 	  0.0552 	 13.2100 	 44.4500 	  0.1830 	  0.0000 	  1.8300 	  0.1635 	 14.5800 	  0.6888 	  5.1900 	 11.2300 	  3.3600 	 98.6805 	UnknA-Flow1-1_8 
   97  	  3.4100 	  0.0580 	 13.5400 	 44.8400 	  0.1367 	  0.0438 	  1.7600 	  0.1875 	 14.9600 	  0.6826 	  5.1700 	 11.7400 	  3.3400 	 99.8686 	UnknA-Flow1-1_9 
   98  	  2.7200 	  0.0418 	 13.2400 	 50.4400 	  0.0212 	  0.0798 	  0.8161 	  0.2041 	 12.0400 	  0.3658 	  5.1900 	  9.3200 	  4.0400 	 98.5189 	VGA99_ 
   99  	  2.9200 	  0.0177 	 13.2000 	 50.4700 	  0.0323 	  0.0800 	  0.8111 	  0.1967 	 11.9400 	  0.4470 	  5.1900 	  9.4100 	  4.1500 	 98.8649 	VGA99_ 
  100  	  2.8700 	  0.3582 	 11.9300 	 50.3900 	  0.0218 	  0.0102 	  0.1917 	  0.1893 	 13.5500 	  0.2236 	  7.1700 	 11.2300 	  1.8700 	100.0048 	VG-2_ 
  101  	  2.7700 	  0.3441 	 11.9500 	 51.1700 	  0.0311 	  0.0970 	  0.2061 	  0.1534 	 13.9800 	  0.1933 	  7.0300 	 11.2400 	  1.8800 	101.0449 	VG-2_ 
  102  	  6.4400 	  0.0463 	  7.9200 	 70.6000 	  0.3928 	  0.3668 	  4.2700 	  0.1896 	  8.7500 	  0.0000 	  0.0210 	  0.4249 	  0.2939 	 99.7153 	KE3_ 
  103  	  6.2500 	  0.0425 	  7.6300 	 70.3700 	  0.3754 	  0.4310 	  4.2900 	  0.3291 	  8.7000 	  0.0004 	  0.0168 	  0.4517 	  0.3393 	 99.2262 	KE3_ 
  104  	  5.2000 	  1.3888 	  0.0908 	 50.7200 	  1.4500 	  0.0000 	  0.8669 	  0.0227 	 25.5300 	  0.0457 	  0.0000 	 14.0500 	  0.0024 	 99.3674 	Scap 
  105  	  5.1100 	  1.2951 	  0.1009 	 50.7500 	  1.4300 	  0.0152 	  0.8404 	  0.0535 	 25.7700 	  0.0163 	  0.0091 	 14.0500 	  0.0158 	 99.4564 	Scap 
 
Minimum	  0.4033 	  0.0000 	  0.0852 	 43.8900 	  0.0022 	  0.0000 	  0.0011 	  0.0059 	  6.4000 	  0.0000 	  0.0000 	  0.3960 	  0.0000 	 98.1700  
Maximum	  8.6100 	  2.1971 	 15.3800 	 72.7200 	  1.4500 	  0.5147 	  4.2900 	  0.3318 	 25.8800 	  1.3786 	 13.8300 	 23.2800 	  4.1500 	102.4754  
Average	  4.1327 	  0.1579 	 11.6441 	 48.3233 	  0.2030 	  0.1309 	  1.6967 	  0.2048 	 15.2716 	  0.6177 	  4.5776 	 10.5940 	  3.0672 	100.6216  
Sigma  	  1.1731 	  0.3713 	  3.2989 	  6.0513 	  0.3215 	  0.1071 	  0.8736 	  0.0603 	  3.2527 	  0.3341 	  1.9942 	  3.0563 	  1.1579 	  0.8623  
"No. of data"   105 
