 
Mass percent  	      Group : Olivine       	  Sample : 010317Fr        	 Page 	  1 	 
 
   No. 	   MgO   	   MnO   	   FeO   	   SiO2  	   CaO   	   Cr2O3 	   NiO   	   Al2O3 	  Total  	Comment  
    1  	 49.7800 	  0.1478 	  9.5600 	 39.7200 	  0.1024 	  0.0311 	  0.3672 	  0.0316 	 99.7402 	SC-Olivine 
    2  	 49.6500 	  0.1413 	  9.6100 	 39.7600 	  0.0978 	  0.0162 	  0.3810 	  0.0330 	 99.6893 	SC-Olivine 
    3  	 49.6000 	  0.1440 	  9.5000 	 39.6500 	  0.1039 	  0.0179 	  0.3469 	  0.0344 	 99.3971 	SC-Olivine 
    4  	 46.0100 	  0.2421 	 14.5000 	 38.7000 	  0.3536 	  0.0355 	  0.2042 	  0.0358 	100.0811 	UnkA-C20-S2-1MI_1_1 
    5  	 45.7300 	  0.2578 	 14.8800 	 38.5200 	  0.3530 	  0.0244 	  0.1967 	  0.0340 	 99.9959 	UnkA-C20-S2-1MI_1_2 
    6  	 46.3000 	  0.2209 	 13.9200 	 39.7100 	  0.3368 	  0.0266 	  0.2088 	  0.0248 	100.7479 	UnkA-C20-S2-1MI_1_3 
    7  	 44.9600 	  0.2504 	 15.3200 	 40.0000 	  0.3416 	  0.0176 	  0.1803 	  0.0352 	101.1050 	UnkA-C20-S2-1MI_2_1 
    8  	 44.9200 	  0.2524 	 15.2200 	 38.4300 	  0.3443 	  0.0110 	  0.1934 	  0.0391 	 99.4103 	UnkA-C20-S2-1MI_2_2 
    9  	 44.4900 	  0.2462 	 15.3700 	 39.0800 	  0.3368 	  0.0049 	  0.1965 	  0.0488 	 99.7733 	UnkA-C20-S2-1MI_2_3 
   10  	 47.3000 	  0.2065 	 12.7700 	 38.9900 	  0.3588 	  0.0418 	  0.2019 	  0.0451 	 99.9142 	UnkA-C20-S2-1MI_3_1 
   11  	 47.2700 	  0.2181 	 12.9700 	 39.0200 	  0.3563 	  0.0319 	  0.2124 	  0.0242 	100.1029 	UnkA-C20-S2-1MI_3_2 
   12  	 47.1400 	  0.2082 	 12.8300 	 40.1500 	  0.3522 	  0.0436 	  0.2098 	  0.0344 	100.9682 	UnkA-C20-S2-1MI_3_3 
   13  	 47.4700 	  0.2114 	 12.9000 	 40.0100 	  0.3616 	  0.0332 	  0.2190 	  0.0353 	101.2405 	UnkA-C20-S2-1MI_4_1 
   14  	 47.1300 	  0.2032 	 13.0400 	 40.0500 	  0.3526 	  0.0334 	  0.2194 	  0.0227 	101.0512 	UnkA-C20-S2-1MI_4_2 
   15  	 47.6000 	  0.2045 	 12.5800 	 38.7900 	  0.3553 	  0.0403 	  0.2182 	  0.0380 	 99.8264 	UnkA-C20-S2-1MI_4_3 
   16  	 46.0400 	  0.2346 	 14.2900 	 39.8600 	  0.3247 	  0.0684 	  0.1969 	  0.0368 	101.0513 	UnkA-C20-S2-1MI_5_1 
   17  	 46.1300 	  0.2272 	 14.3000 	 38.9100 	  0.3221 	  0.0279 	  0.2127 	  0.0280 	100.1578 	UnkA-C20-S2-1MI_5_2 
   18  	 46.2200 	  0.2320 	 14.3900 	 38.8400 	  0.3174 	  0.0152 	  0.2109 	  0.0279 	100.2533 	UnkA-C20-S2-1MI_5_3 
   19  	 47.2700 	  0.2178 	 12.7700 	 38.7900 	  0.3511 	  0.0395 	  0.2204 	  0.0288 	 99.6877 	UnkA-C20-S2-1MI_6_1 
   20  	 47.4300 	  0.1987 	 12.7200 	 38.8600 	  0.3528 	  0.0400 	  0.2165 	  0.0268 	 99.8449 	UnkA-C20-S2-1MI_6_2 
   21  	 47.1900 	  0.2171 	 13.0400 	 38.7900 	  0.3694 	  0.0311 	  0.2205 	  0.0313 	 99.8895 	UnkA-C20-S2-1MI_6_3 
   22  	 46.2500 	  0.2340 	 14.1700 	 38.7200 	  0.3421 	  0.0390 	  0.2248 	  0.0300 	100.0098 	UnkA-C20-S2-1MI_7_1 
   23  	 46.3800 	  0.2387 	 14.2200 	 38.8400 	  0.3370 	  0.0224 	  0.2264 	  0.0282 	100.2926 	UnkA-C20-S2-1MI_7_2 
   24  	 46.2100 	  0.2271 	 14.0200 	 39.8500 	  0.3371 	  0.0231 	  0.2206 	  0.0392 	100.9270 	UnkA-C20-S2-1MI_7_3 
   25  	 49.7100 	  0.1437 	  9.5100 	 39.6500 	  0.0992 	  0.0072 	  0.3527 	  0.0314 	 99.5043 	SC-Olivine 
   26  	 49.7400 	  0.1491 	  9.4400 	 39.6100 	  0.1043 	  0.0142 	  0.3645 	  0.0321 	 99.4543 	SC-Olivine 
   27  	 49.7400 	  0.1368 	  9.5300 	 39.4600 	  0.1035 	  0.0190 	  0.3459 	  0.0368 	 99.3720 	SC-Olivine 
   28  	 47.0800 	  0.1990 	 12.5500 	 40.4100 	  0.3319 	  0.0536 	  0.2212 	  0.0444 	100.8900 	UnkA-C20-S2-3MI_1_1 
   29  	 46.8800 	  0.2194 	 12.8500 	 40.3500 	  0.3747 	  0.0302 	  0.2200 	  0.0396 	100.9638 	UnkA-C20-S2-3MI_1_2 
   30  	 47.2200 	  0.1920 	 12.3900 	 40.5300 	  0.3117 	  0.0331 	  0.2166 	  0.0327 	100.9260 	UnkA-C20-S2-3MI_1_3 
   31  	 45.8300 	  0.2290 	 14.2100 	 40.1800 	  0.3540 	  0.0200 	  0.2329 	  0.0366 	101.0924 	UnkA-C20-S2-3MI_2_1 
   32  	 46.1200 	  0.2321 	 13.9600 	 40.2300 	  0.3495 	  0.0286 	  0.2383 	  0.0368 	101.1952 	UnkA-C20-S2-3MI_2_2 
   33  	 46.6200 	  0.2274 	 13.9400 	 40.0300 	  0.3399 	  0.0284 	  0.2447 	  0.0288 	101.4591 	UnkA-C20-S2-3MI_2_3 
   34  	 44.9200 	  0.2532 	 15.5300 	 40.0400 	  0.3491 	  0.0094 	  0.2182 	  0.0357 	101.3555 	UnkA-C20-S2-3MI_3_1 
   35  	 44.9600 	  0.2596 	 15.7700 	 39.9500 	  0.3486 	  0.0103 	  0.1946 	  0.0316 	101.5247 	UnkA-C20-S2-3MI_3_2 
   36  	 44.9700 	  0.2526 	 15.7900 	 40.0100 	  0.3502 	  0.0254 	  0.1998 	  0.0375 	101.6354 	UnkA-C20-S2-3MI_3_3 
   37  	 47.1000 	  0.2149 	 13.1000 	 40.2200 	  0.3389 	  0.0418 	  0.2219 	  0.0285 	101.2660 	UnkA-C20-S2-3MI_4_1 
   38  	 47.2300 	  0.2179 	 12.9300 	 40.2300 	  0.3381 	  0.0396 	  0.2057 	  0.0302 	101.2214 	UnkA-C20-S2-3MI_4_2 
   39  	 47.1500 	  0.2042 	 13.0600 	 40.2100 	  0.3342 	  0.0243 	  0.1993 	  0.0262 	101.2082 	UnkA-C20-S2-3MI_4_3 
   40  	 44.0800 	  0.3071 	 17.1300 	 39.5500 	  0.3816 	  0.0140 	  0.1667 	  0.0323 	101.6616 	UnkA-C21MI_1_1 
   41  	 43.9800 	  0.3095 	 17.3100 	 38.4200 	  0.3941 	  0.0024 	  0.1542 	  0.0337 	100.6038 	UnkA-C21MI_1_2 
   42  	 43.8800 	  0.3074 	 17.4400 	 38.2400 	  0.3855 	  0.0138 	  0.1496 	  0.0296 	100.4458 	UnkA-C21MI_1_3 
   43  	 43.8700 	  0.3095 	 17.3900 	 38.3300 	  0.3858 	  0.0140 	  0.1561 	  0.0280 	100.4834 	UnkA-C21MI_2_1 
   44  	 43.7900 	  0.3137 	 17.6100 	 38.5100 	  0.3749 	  0.0127 	  0.1435 	  0.0244 	100.7792 	UnkA-C21MI_2_2 
   45  	 42.8600 	  0.3396 	 18.5100 	 39.3700 	  0.4001 	  0.0000 	  0.1420 	  0.0238 	101.6455 	UnkA-C21MI_2_3 
   46  	 45.7600 	  0.3122 	 14.7900 	 38.7400 	  0.3230 	  0.0146 	  0.2382 	  0.0211 	100.1991 	UnkA-C21MI_3_1 
   47  	 45.1900 	  0.3192 	 15.5100 	 39.8700 	  0.3355 	  0.0198 	  0.2201 	  0.0229 	101.4874 	UnkA-C21MI_3_2 
   48  	 46.4100 	  0.3274 	 13.9000 	 38.7900 	  0.3197 	  0.0302 	  0.2437 	  0.0221 	100.0430 	UnkA-C21MI_3_3 
   49  	 41.8400 	  0.3661 	 19.9000 	 39.4900 	  0.2920 	  0.0068 	  0.1305 	  0.0226 	102.0479 	UnkA-C21MI_4_1 
   50  	 41.7500 	  0.3593 	 19.9000 	 39.4700 	  0.2976 	  0.0000 	  0.1363 	  0.0298 	101.9429 	UnkA-C21MI_4_2 
   51  	 41.7600 	  0.3678 	 19.8100 	 39.4800 	  0.3137 	  0.0044 	  0.1252 	  0.0331 	101.8941 	UnkA-C21MI_4_3 
   52  	 41.9400 	  0.3553 	 19.8000 	 38.1500 	  0.2958 	  0.0036 	  0.1426 	  0.0290 	100.7162 	UnkA-C21MI_4_4 
   53  	 41.7900 	  0.3699 	 20.1800 	 39.3500 	  0.2928 	  0.0042 	  0.1385 	  0.0306 	102.1559 	UnkA-C21MI_5_1 
   54  	 41.7400 	  0.3661 	 19.8400 	 39.3300 	  0.2929 	  0.0013 	  0.1464 	  0.0289 	101.7456 	UnkA-C21MI_5_2 
   55  	 41.7900 	  0.3734 	 20.1900 	 38.1400 	  0.2951 	  0.0104 	  0.1277 	  0.0351 	100.9616 	UnkA-C21MI_5_3 
   56  	 41.8600 	  0.3671 	 19.9100 	 38.1200 	  0.2960 	  0.0103 	  0.1337 	  0.0258 	100.7228 	UnkA-C21MI_6_1 
   57  	 41.8800 	  0.3639 	 19.8700 	 37.9600 	  0.2888 	  0.0000 	  0.1320 	  0.0245 	100.5191 	UnkA-C21MI_6_2 
   58  	 41.8000 	  0.3682 	 19.8900 	 37.9600 	  0.3031 	  0.0087 	  0.1382 	  0.0390 	100.5071 	UnkA-C21MI_6_3 
   59  	 49.7600 	  0.1487 	  9.5400 	 39.7700 	  0.1018 	  0.0054 	  0.3552 	  0.0340 	 99.7152 	SC-Olivine 
   60  	 49.9700 	  0.1457 	  9.6200 	 39.7000 	  0.1033 	  0.0104 	  0.3548 	  0.0313 	 99.9356 	SC-Olivine 
   61  	 50.0700 	  0.1356 	  9.4900 	 39.6900 	  0.1028 	  0.0143 	  0.3781 	  0.0382 	 99.9191 	SC-Olivine 
   62  	 45.9000 	  0.2469 	 14.8300 	 40.0400 	  0.3460 	  0.0156 	  0.1944 	  0.0308 	101.6036 	UnkA-C21MI_7_1 
   63  	 46.0600 	  0.2432 	 14.6400 	 38.7700 	  0.3412 	  0.0143 	  0.1905 	  0.0273 	100.2864 	UnkA-C21MI_7_2 
   64  	 45.9600 	  0.2528 	 14.7400 	 39.8900 	  0.3428 	  0.0170 	  0.1889 	  0.0289 	101.4203 	UnkA-C21MI_7_3 
   65  	 43.2300 	  0.3224 	 18.0700 	 39.3900 	  0.3887 	  0.0114 	  0.1573 	  0.0295 	101.5993 	UnkA-C21MI_8_1 
   66  	 42.6600 	  0.3365 	 18.5000 	 39.4900 	  0.3509 	  0.0032 	  0.1384 	  0.0316 	101.5105 	UnkA-C21MI_8_2 
   67  	 42.7500 	  0.3330 	 18.6900 	 38.2300 	  0.3902 	  0.0000 	  0.1190 	  0.0277 	100.5399 	UnkA-C21MI_8_3 
   68  	 42.1000 	  0.3705 	 19.4900 	 39.5300 	  0.3161 	  0.0037 	  0.1083 	  0.0226 	101.9411 	UnkA-C21MI_9_1 
   69  	 42.1700 	  0.3649 	 19.3300 	 38.5600 	  0.3123 	  0.0042 	  0.1292 	  0.0279 	100.8985 	UnkA-C21MI_9_2 
   70  	 42.1300 	  0.3771 	 19.4400 	 39.4300 	  0.3307 	  0.0082 	  0.1223 	  0.0284 	101.8667 	UnkA-C21MI_9_3 
   71  	 44.8000 	  0.2985 	 15.8500 	 39.9500 	  0.3471 	  0.0125 	  0.1936 	  0.0279 	101.4795 	UnkA-C21MI_10_1 
   72  	 45.8600 	  0.2844 	 14.4100 	 40.0000 	  0.3241 	  0.0248 	  0.2321 	  0.0245 	101.1598 	UnkA-C21MI_10_2 
   73  	 44.8500 	  0.2955 	 15.8500 	 39.8200 	  0.3525 	  0.0123 	  0.2010 	  0.0269 	101.4081 	UnkA-C21MI_10_3 
   74  	 45.1400 	  0.3078 	 15.4500 	 40.3400 	  0.3708 	  0.0259 	  0.2117 	  0.0232 	101.8693 	UnkA-C21MI_11_1 
   75  	 44.9000 	  0.2939 	 15.9400 	 40.1500 	  0.3675 	  0.0155 	  0.2037 	  0.0251 	101.8957 	UnkA-C21MI_11_2 
   76  	 45.0900 	  0.3033 	 15.5900 	 40.3100 	  0.3864 	  0.0084 	  0.2115 	  0.0203 	101.9199 	UnkA-C21MI_11_3 
   77  	 45.4200 	  0.2905 	 15.3100 	 40.4000 	  0.3490 	  0.0260 	  0.2077 	  0.0193 	102.0225 	UnkA-C21MI_12_1 
   78  	 44.8800 	  0.2990 	 15.7800 	 40.2600 	  0.3909 	  0.0041 	  0.1972 	  0.0276 	101.8387 	UnkA-C21MI_12_2 
   79  	 44.6300 	  0.3036 	 16.1800 	 40.2300 	  0.3528 	  0.0058 	  0.1971 	  0.0214 	101.9206 	UnkA-C21MI_12_3 
   80  	 45.1800 	  0.2802 	 15.5400 	 40.2200 	  0.3536 	  0.0176 	  0.1672 	  0.0379 	101.7964 	UnkA-C21MI_13_1 
   81  	 44.1200 	  0.3148 	 17.1000 	 40.0000 	  0.3635 	  0.0140 	  0.1673 	  0.0209 	102.1004 	UnkA-C21MI_13_2 
   82  	 43.8700 	  0.3188 	 17.2000 	 39.8600 	  0.3628 	  0.0122 	  0.1697 	  0.0402 	101.8336 	UnkA-C21MI_13_3 
   83  	 42.1700 	  0.3440 	 19.4500 	 38.7400 	  0.3136 	  0.0000 	  0.1031 	  0.0278 	101.1485 	UnkA-C21MI_14_1 
   84  	 42.2700 	  0.3530 	 19.3300 	 39.5900 	  0.3083 	  0.0057 	  0.1153 	  0.0350 	102.0072 	UnkA-C21MI_14_2 
   85  	 42.1800 	  0.3589 	 19.4300 	 39.7200 	  0.3049 	  0.0067 	  0.1150 	  0.0278 	102.1432 	UnkA-C21MI_14_3 
   86  	 42.5000 	  0.3624 	 18.9000 	 38.7900 	  0.3268 	  0.0013 	  0.1137 	  0.0267 	101.0208 	UnkA-C21MI_15_1 
   87  	 42.5400 	  0.3608 	 19.0400 	 38.7900 	  0.3304 	  0.0000 	  0.1255 	  0.0212 	101.2079 	UnkA-C21MI_15_2 
   88  	 42.4500 	  0.3611 	 18.8300 	 38.7400 	  0.3263 	  0.0055 	  0.1132 	  0.0319 	100.8579 	UnkA-C21MI_15_3 
   89  	 49.7700 	  0.1457 	  9.5400 	 40.1800 	  0.0991 	  0.0215 	  0.3401 	  0.0389 	100.1352 	SC-Olivine 
   90  	 49.7700 	  0.1421 	  9.4800 	 40.3400 	  0.1020 	  0.0193 	  0.2834 	  0.0308 	100.1675 	SC-Olivine 
   91  	 49.6700 	  0.1434 	  9.3700 	 40.2200 	  0.1015 	  0.0098 	  0.3556 	  0.0291 	 99.8995 	SC-Olivine 
   92  	 43.2200 	  0.3358 	 18.0200 	 38.7000 	  0.3862 	  0.0001 	  0.1259 	  0.0293 	100.8172 	UnkA-C21MI_16_1 
   93  	 43.1200 	  0.3379 	 18.3200 	 38.4500 	  0.3811 	  0.0051 	  0.1499 	  0.0236 	100.7875 	UnkA-C21MI_16_2 
   94  	 43.1800 	  0.3211 	 18.2100 	 38.4100 	  0.3881 	  0.0033 	  0.1381 	  0.0294 	100.6799 	UnkA-C21MI_16_3 
   95  	 44.1400 	  0.3080 	 16.6900 	 40.0000 	  0.3999 	  0.0195 	  0.1594 	  0.0320 	101.7487 	UnkA-C21MI_17_1 
   96  	 43.3900 	  0.3164 	 17.6800 	 39.7900 	  0.3881 	  0.0070 	  0.1562 	  0.0303 	101.7579 	UnkA-C21MI_17_2 
   97  	 43.6500 	  0.2989 	 17.3100 	 39.9100 	  0.3941 	  0.0098 	  0.1340 	  0.0231 	101.7299 	UnkA-C21MI_17_3 
   98  	 44.4000 	  0.2911 	 16.7100 	 40.0600 	  0.3852 	  0.0066 	  0.1518 	  0.0341 	102.0388 	UnkA-C21MI_18_1 
   99  	 44.3600 	  0.2846 	 16.9600 	 39.9100 	  0.3840 	  0.0106 	  0.1547 	  0.0282 	102.0920 	UnkA-C21MI_18_2 
  100  	 44.3700 	  0.2883 	 16.7800 	 40.0800 	  0.3895 	  0.0083 	  0.1595 	  0.0302 	102.1058 	UnkA-C21MI_18_3 
  101  	 42.1400 	  0.3373 	 19.3400 	 38.6800 	  0.2700 	  0.0102 	  0.1568 	  0.0298 	100.9640 	UnkA-C21MI_19_1 
  102  	 42.2000 	  0.3418 	 19.2700 	 38.6000 	  0.2663 	  0.0049 	  0.1455 	  0.0246 	100.8530 	UnkA-C21MI_19_2 
  103  	 42.2000 	  0.3374 	 19.3600 	 38.8700 	  0.2683 	  0.0035 	  0.1517 	  0.0322 	101.2231 	UnkA-C21MI_19_3 
  104  	 46.0400 	  0.2405 	 14.4200 	 39.8300 	  0.3438 	  0.0366 	  0.2062 	  0.0319 	101.1489 	UnkA-C21MI_20_1 
  105  	 46.1000 	  0.2360 	 14.4000 	 39.7700 	  0.3349 	  0.0308 	  0.2223 	  0.0315 	101.1254 	UnkA-C21MI_20_2 
  106  	 46.0500 	  0.2411 	 14.3100 	 39.7900 	  0.3391 	  0.0294 	  0.2025 	  0.0267 	100.9888 	UnkA-C21MI_20_3 
  107  	 46.5700 	  0.2232 	 13.6700 	 39.8400 	  0.3710 	  0.0267 	  0.1978 	  0.0347 	100.9334 	UnkA-C21MI_21_1 
  108  	 46.5800 	  0.2194 	 13.8100 	 40.7700 	  0.3675 	  0.0358 	  0.1878 	  0.0237 	101.9941 	UnkA-C21MI_21_2 
  109  	 46.4600 	  0.2225 	 13.8300 	 40.7700 	  0.4093 	  0.0373 	  0.1914 	  0.0269 	101.9473 	UnkA-C21MI_21_3 
  110  	 45.9500 	  0.2533 	 14.7500 	 39.2900 	  0.3542 	  0.0266 	  0.1771 	  0.0310 	100.8322 	UnkA-C21MI_22_1 
  111  	 45.9600 	  0.2547 	 14.5800 	 39.0600 	  0.3455 	  0.0179 	  0.2008 	  0.0341 	100.4529 	UnkA-C21MI_22_2 
  112  	 45.8300 	  0.2513 	 14.8400 	 40.4400 	  0.3465 	  0.0198 	  0.1850 	  0.0471 	101.9596 	UnkA-C21MI_22_3 
  113  	 43.2700 	  0.3146 	 18.3400 	 39.7200 	  0.3249 	  0.0066 	  0.1652 	  0.0282 	102.1694 	UnkA-C21MI_23_1 
  114  	 43.0600 	  0.3182 	 18.3200 	 39.7700 	  0.3393 	  0.0119 	  0.1466 	  0.0331 	101.9990 	UnkA-C21MI_23_2 
  115  	 43.0300 	  0.3161 	 18.3100 	 39.6100 	  0.3394 	  0.0008 	  0.1559 	  0.0254 	101.7875 	UnkA-C21MI_23_3 
  116  	 42.1200 	  0.3706 	 19.4600 	 39.6300 	  0.3691 	  0.0011 	  0.0910 	  0.0406 	102.0824 	UnkA-C21MI_24_1 
  117  	 42.0300 	  0.3735 	 19.5300 	 39.5700 	  0.3527 	  0.0000 	  0.0911 	  0.0326 	101.9799 	UnkA-C21MI_24_2 
  118  	 42.0800 	  0.3657 	 19.5800 	 38.6100 	  0.3364 	  0.0000 	  0.0916 	  0.0257 	101.0894 	UnkA-C21MI_24_3 
  119  	 42.0100 	  0.3685 	 19.9000 	 38.4800 	  0.3200 	  0.0013 	  0.0919 	  0.0299 	101.2015 	UnkA-C21MI_24_4 
  120  	 44.4600 	  0.2868 	 16.7800 	 39.2000 	  0.3760 	  0.0242 	  0.1676 	  0.0307 	101.3253 	UnkA-C21MI_25_1 
  121  	 44.3900 	  0.2787 	 16.7100 	 39.9500 	  0.3757 	  0.0221 	  0.1535 	  0.0329 	101.9129 	UnkA-C21MI_25_2 
  122  	 44.5100 	  0.2908 	 16.6700 	 38.6700 	  0.3741 	  0.0082 	  0.1594 	  0.0303 	100.7127 	UnkA-C21MI_25_3 
  123  	 43.8900 	  0.3024 	 17.2300 	 39.6500 	  0.3706 	  0.0096 	  0.1474 	  0.0299 	101.6298 	UnkA-C21MI_26_1 
  124  	 43.8600 	  0.3078 	 17.1100 	 39.8100 	  0.3638 	  0.0063 	  0.1474 	  0.0269 	101.6321 	UnkA-C21MI_26_2 
  125  	 43.6500 	  0.3096 	 17.5000 	 39.4000 	  0.3799 	  0.0081 	  0.1461 	  0.0315 	101.4252 	UnkA-C21MI_26_3 
  126  	 49.7100 	  0.1380 	  9.5600 	 41.0300 	  0.1005 	  0.0180 	  0.3588 	  0.0316 	100.9469 	SC-Olivine 
  127  	 49.6200 	  0.1471 	  9.4300 	 41.3000 	  0.1003 	  0.0097 	  0.3549 	  0.0324 	100.9943 	SC-Olivine 
  128  	 49.4700 	  0.1408 	  9.4200 	 41.2800 	  0.1042 	  0.0152 	  0.3640 	  0.0438 	100.8379 	SC-Olivine 
 
Minimum	 41.7400 	  0.1356 	  9.3700 	 37.9600 	  0.0978 	  0.0000 	  0.0910 	  0.0193 	 99.3720  
Maximum	 50.0700 	  0.3771 	 20.1900 	 41.3000 	  0.4093 	  0.0684 	  0.3810 	  0.0488 	102.1695  
Average	 45.1531 	  0.2721 	 15.5421 	 39.5020 	  0.3176 	  0.0166 	  0.1953 	  0.0306 	101.0294  
Sigma  	  2.3982 	  0.0700 	  3.1440 	  0.7274 	  0.0841 	  0.0131 	  0.0694 	  0.0057 	  0.7723  
"No. of data"   128 
